   h    k    l       d(Å)      F(real)      F(imag)          |F|         2θ          I    M
   1    1    0   7.252794    -0.000000    -9.631646      9.63165   20.33002    4.15186   12
   2    0    0   5.128500   -40.755714     0.000000      40.7557   28.90599   18.89099    6
   2    1    1   4.187403    -6.504291   -28.779362      29.5052   35.59801   13.42608   12
   2    1   -1   4.187403     6.504291   -28.779362      29.5052   35.59801   13.42608   12
   2    2    0   3.626397    63.761046    -0.000000       63.761   41.33785   47.85369   12
   1    3    0   3.243548    -0.000000   -12.084816      12.0848   46.48575    1.40037   12
   3    1    0   3.243548     0.000000    26.525287      26.5253   46.48575    6.74655   12
   2    2    2   2.960941   -45.824271   -20.532981      50.2142   51.22659    6.84344    4
   2    2   -2   2.960941   -45.824271    20.532981      50.2142   51.22659    6.84344    4
   2    3    1   2.741299   -16.281525   -12.891372      20.7672   55.67066    3.06925   12
   3    2   -1   2.741299    24.770175    20.144228      31.9273   55.67066    7.25439   12
   3    2    1   2.741299    24.770175   -20.144228      31.9273   55.67066    7.25439   12
   2    3   -1   2.741299    16.281525   -12.891372      20.7672   55.67066    3.06925   12
   4    0    0   2.564250   -74.338593     0.000000      74.3386   59.89038   17.55940    6
   4    1   -1   2.417598    53.061561   -25.683281      58.9505   63.93675   20.05088   12
   4    1    1   2.417598   -53.061561   -25.683281      58.9505   63.93675   20.05088   12
   3    3    0   2.417598    -0.000000    -6.856679      6.85668   63.93675    0.27126   12
   2    4    0   2.293535    73.921321    -0.000000      73.9213   67.84769   29.01000   12
   4    2    0   2.293535    72.027825    -0.000000      72.0278   67.84769   27.54285   12
   3    3    2   2.186800  -121.070871    -4.934516      121.171   71.65265   72.52166   12
   3    3   -2   2.186800   121.070871    -4.934516      121.171   71.65265   72.52166   12
   4    2    2   2.093701    18.030932     0.887305      18.0528   75.37545    1.51184   12
   4    2   -2   2.093701    18.030932    -0.887305      18.0528   75.37545    1.51184   12
   3    4   -1   2.011563   -92.532879    26.333574       96.207   79.03607   40.65820   12
   3    4    1   2.011563   -92.532879   -26.333574       96.207   79.03607   40.65820   12
   4    3   -1   2.011563   -67.021719     7.677696        67.46   79.03607   19.99069   12
   4    3    1   2.011563    67.021719     7.677696        67.46   79.03607   19.99069   12
   1    5    0   2.011563    -0.000000   -34.229934      34.2299   79.03607    5.14691   12
   5    1    0   2.011563    -0.000000   -18.580171      18.5802   79.03607    1.51647   12
   2    5    1   1.872663    73.905429   -65.269754       98.601   86.23841   39.11644   12
   5    2   -1   1.872663   -63.349475    25.798787      68.4013   86.23841   18.82458   12
   5    2    1   1.872663   -63.349475   -25.798787      68.4013   86.23841   18.82458   12
   2    5   -1   1.872663   -73.905429   -65.269754       98.601   86.23841   39.11644   12
   4    4    0   1.813199   153.395855    -0.000000      153.396   89.81023   91.46934   12
   4    3   -3   1.759061   -19.408668    10.760237      22.1919   93.38132    1.86048   12
   4    3    3   1.759061    19.408668    10.760237      22.1919   93.38132    1.86048   12
   3    5    0   1.759061    -0.000000    -6.898265      6.89826   93.38132    0.17977   12
   5    3    0   1.759061    -0.000000   -48.868601      48.8686   93.38132    9.02190   12
   4    4   -2   1.709500   -49.384472    19.273757      53.0123   96.96563   10.37625   12
   4    4    2   1.709500   -49.384472   -19.273757      53.0123   96.96563   10.37625   12
   6    0    0   1.709500    59.435216    -0.000000      59.4352   96.96563    6.52146    6
   6    1    1   1.663905    69.438626   -28.032739      74.8836  100.57759   20.34914   12
   3    5   -2   1.663905   -68.635264   -21.823915      72.0214  100.57759   18.82329   12
   3    5    2   1.663905    68.635264   -21.823915      72.0214  100.57759   18.82329   12
   5    3   -2   1.663905   -27.544897   -55.994042      62.4024  100.57759   14.13105   12
   5    3    2   1.663905    27.544897   -55.994042      62.4024  100.57759   14.13105   12
   6    1   -1   1.663905   -69.438626   -28.032739      74.8836  100.57759   20.34914   12
   2    6    0   1.621774    -4.272914     0.000000      4.27291  104.23266    0.06549   12
   6    2    0   1.621774   -42.432375     0.000000      42.4324  104.23266    6.45840   12
   4    5    1   1.582689    36.967438   -36.458901      51.9215  107.94795    9.61516   12
   5    4   -1   1.582689    31.758096   -12.845459      34.2576  107.94795    4.18577   12
   5    4    1   1.582689    31.758096    12.845459      34.2576  107.94795    4.18577   12
   4    5   -1   1.582689   -36.967438   -36.458901      51.9215  107.94795    9.61516   12
   6    2    2   1.546301   -61.650195    19.046242      64.5252  111.74312   14.85957   12
   6    2   -2   1.546301   -61.650195   -19.046242      64.5252  111.74312   14.85957   12
   3    6    1   1.512312   -58.692056   -26.474649      64.3868  115.64150   14.90943   12
   6    3    1   1.512312   -40.258229   -12.845325      42.2579  115.64150    6.42217   12
   3    6   -1   1.512312   -58.692056    26.474649      64.3868  115.64150   14.90943   12
   6    3   -1   1.512312    40.258229   -12.845325      42.2579  115.64150    6.42217   12
   4    4    4   1.480470    83.397331    26.695951      87.5659  119.67185    9.33667    4
   4    4   -4   1.480470    83.397331   -26.695951      87.5659  119.67185    9.33667    4
   4    5    3   1.450559     6.206193    -4.035763      7.40299  123.87100    0.20527   12
   5    4    3   1.450559   -78.943686    11.791940      79.8195  123.87100   23.86283   12
   1    7    0   1.450559    -0.000000   -16.845942      16.8459  123.87100    1.06290   12
   7    1    0   1.450559    -0.000000   -32.655654      32.6557  123.87100    3.99411   12
   5    4   -3   1.450559   -78.943686   -11.791940      79.8195  123.87100   23.86283   12
   4    5   -3   1.450559    -6.206193    -4.035763      7.40299  123.87100    0.20527   12
   5    5    0   1.450559    -0.000000   -17.581583      17.5816  123.87100    1.15776   12
   4    6    0   1.422390   -94.533288     0.000000      94.5333  128.28824   34.71942   12
   6    4    0   1.422390   -51.797994     0.000000       51.798  128.28824   10.42387   12
   2    7    1   1.395801   -51.870945   -30.102566       59.973  132.99315   14.71497   12
   7    2   -1   1.395801   -83.610749     2.364276      83.6442  132.99315   28.62328   12
   7    2    1   1.395801   -83.610749    -2.364276      83.6442  132.99315   28.62328   12
   5    5   -2   1.395801    24.963685   -32.864441      41.2705  132.99315    6.96832   12
   5    5    2   1.395801   -24.963685   -32.864441      41.2705  132.99315    6.96832   12
   6    3    3   1.395801    11.906810   -11.178783      16.3321  132.99315    1.09127   12
   6    3   -3   1.395801   -11.906810   -11.178783      16.3321  132.99315    1.09127   12
   2    7   -1   1.395801    51.870945   -30.102566       59.973  132.99315   14.71497   12
   4    6    2   1.370649    41.563608     9.074134      42.5426  138.09077    7.96213   12
   6    4   -2   1.370649    45.928080   -29.388984      54.5261  138.09077   13.07949   12
   6    4    2   1.370649    45.928080    29.388984      54.5261  138.09077   13.07949   12
   4    6   -2   1.370649    41.563608    -9.074134      42.5426  138.09077    7.96213   12
   3    7    0   1.346810     0.000000    19.161553      19.1616  143.75507    1.79311   12
   7    3    0   1.346810     0.000000    33.255714      33.2557  143.75507    5.40103   12
   3    7    2   1.302640    83.484611   -22.740687      86.5264  158.60425   57.31369   12
   7    3    2   1.302640    39.181325   -47.052467        61.23  158.60425   28.70049   12
   5    6   -1   1.302640   -51.763047    -7.566730      52.3132  158.60425   20.94996   12
   5    6    1   1.302640   -51.763047     7.566730      52.3132  158.60425   20.94996   12
   6    5   -1   1.302640    87.620034   -43.747983      97.9344  158.60425   73.42298   12
   6    5    1   1.302640   -87.620034   -43.747983      97.9344  158.60425   73.42298   12
   3    7   -2   1.302640   -83.484611   -22.740687      86.5264  158.60425   57.31369   12
   7    3   -2   1.302640   -39.181325   -47.052467        61.23  158.60425   28.70049   12
   8    0    0   1.282125    91.438434    -0.000000      91.4384  173.40156  100.00000    6
   4    7   -1   1.262549     7.422788    15.426700      17.1196        nan        nan   12
   4    7    1   1.262549    -7.422788    15.426700      17.1196        nan        nan   12
   7    4   -1   1.262549   -15.192291   -14.419472      20.9458        nan        nan   12
   7    4    1   1.262549   -15.192291    14.419472      20.9458        nan        nan   12
   5    5   -4   1.262549    14.204768     5.293604      15.1591        nan        nan   12
   5    5    4   1.262549   -14.204768     5.293604      15.1591        nan        nan   12
   8    1   -1   1.262549   -15.098320    -9.727984      17.9609        nan        nan   12
   8    1    1   1.262549    15.098320    -9.727984      17.9609        nan        nan   12
   6    4    4   1.243844    17.699663    34.973796      39.1975        nan        nan   12
   6    4   -4   1.243844    17.699663   -34.973796      39.1975        nan        nan   12
   2    8    0   1.243844   -48.528220     0.000000      48.5282        nan        nan   12
   8    2    0   1.243844   -96.231596     0.000000      96.2316        nan        nan   12
   5    6   -3   1.225946     1.698833   -32.922219       32.966        nan        nan   12
   5    6    3   1.225946     1.698833    32.922219       32.966        nan        nan   12
   6    5    3   1.225946   -74.739179   -21.412165      77.7459        nan        nan   12
   6    5   -3   1.225946    74.739179   -21.412165      77.7459        nan        nan   12
   8    2   -2   1.208799    23.877925     8.370195      25.3025        nan        nan   12
   8    2    2   1.208799    23.877925    -8.370195      25.3025        nan        nan   12
   6    6    0   1.208799    61.729636    -0.000000      61.7296        nan        nan   12
   5    7    0   1.192352     0.000000    20.760389      20.7604        nan        nan   12
   4    7   -3   1.192352    17.951878     7.061268      19.2907        nan        nan   12
   4    7    3   1.192352   -17.951878     7.061268      19.2907        nan        nan   12
   7    4   -3   1.192352   -63.999912   -19.921260      67.0287        nan        nan   12
   7    4    3   1.192352   -63.999912    19.921260      67.0287        nan        nan   12
   7    5    0   1.192352     0.000000    15.158148      15.1581        nan        nan   12
   3    8   -1   1.192352   -15.269284     2.267297      15.4367        nan        nan   12
   3    8    1   1.192352   -15.269284    -2.267297      15.4367        nan        nan   12
   8    3   -1   1.192352     3.780087    19.785381      20.1432        nan        nan   12
   8    3    1   1.192352    -3.780087    19.785381      20.1432        nan        nan   12
   6    6   -2   1.176559   -44.847304    -4.274246      45.0505        nan        nan   12
   6    6    2   1.176559   -44.847304     4.274246      45.0505        nan        nan   12
   5    7    2   1.161377   -29.620386   -22.025409      36.9119        nan        nan   12
   7    5    2   1.161377    26.305726   -15.253653      30.4083        nan        nan   12
   5    7   -2   1.161377    29.620386   -22.025409      36.9119        nan        nan   12
   7    5   -2   1.161377   -26.305726   -15.253653      30.4083        nan        nan   12
   4    8    0   1.146767    64.569398    -0.000000      64.5694        nan        nan   12
   8    4    0   1.146767    58.203608    -0.000000      58.2036        nan        nan   12
   8    3   -3   1.132696    60.638065    40.700961      73.0311        nan        nan   12
   8    3    3   1.132696   -60.638065    40.700961      73.0311        nan        nan   12
   1    9    0   1.132696     0.000000    30.370603      30.3706        nan        nan   12
   9    1    0   1.132696    -0.000000   -63.435147      63.4351        nan        nan   12
   4    8    2   1.119130    12.115081    60.532157      61.7326        nan        nan   12
   8    4   -2   1.119130    35.651107   -29.051749      45.9892        nan        nan   12
   8    4    2   1.119130    35.651107    29.051749      45.9892        nan        nan   12
   4    8   -2   1.119130    12.115081   -60.532157      61.7326        nan        nan   12
   6    5    5   1.106041    88.985449   -40.302702      97.6868        nan        nan   12
   6    5   -5   1.106041   -88.985449   -40.302702      97.6868        nan        nan   12
   6    7   -1   1.106041  -133.960954     0.634747      133.962        nan        nan   12
   6    7    1   1.106041   133.960954     0.634747      133.962        nan        nan   12
   7    6   -1   1.106041    -6.869280    12.487379      14.2521        nan        nan   12
   7    6    1   1.106041    -6.869280   -12.487379      14.2521        nan        nan   12
   2    9   -1   1.106041   -13.774039   -61.477751      63.0019        nan        nan   12
   2    9    1   1.106041    13.774039   -61.477751      63.0019        nan        nan   12
   9    2   -1   1.106041   105.561852    -1.559976      105.573        nan        nan   12
   9    2    1   1.106041   105.561852     1.559976      105.573        nan        nan   12
   6    6    4   1.093400   -21.477588    24.725943      32.7515        nan        nan   12
   6    6   -4   1.093400   -21.477588   -24.725943      32.7515        nan        nan   12
   5    7    4   1.081183   -30.403673    12.787099      32.9832        nan        nan   12
   7    5    4   1.081183    58.919556    23.023996      63.2583        nan        nan   12
   5    7   -4   1.081183    30.403673    12.787099      32.9832        nan        nan   12
   7    5   -4   1.081183   -58.919556    23.023996      63.2583        nan        nan   12
   5    8   -1   1.081183    -8.817298    14.897743      17.3115        nan        nan   12
   5    8    1   1.081183    -8.817298   -14.897743      17.3115        nan        nan   12
   8    5   -1   1.081183   -47.035133     8.782035       47.848        nan        nan   12
   8    5    1   1.081183    47.035133     8.782035       47.848        nan        nan   12
   3    9    0   1.081183    -0.000000    -6.285061      6.28506        nan        nan   12
   9    3    0   1.081183    -0.000000   -10.458652      10.4587        nan        nan   12
   6    7    3   1.057929    -2.049282     6.202897      6.53265        nan        nan   12
   6    7   -3   1.057929     2.049282     6.202897      6.53265        nan        nan   12
   7    6   -3   1.057929  -118.683387    -5.263491        118.8        nan        nan   12
   7    6    3   1.057929  -118.683387     5.263491        118.8        nan        nan   12
   3    9   -2   1.057929   146.935250     6.760881      147.091        nan        nan   12
   3    9    2   1.057929  -146.935250     6.760881      147.091        nan        nan   12
   9    3   -2   1.057929    -4.367933   -50.163301      50.3531        nan        nan   12
   9    3    2   1.057929     4.367933   -50.163301      50.3531        nan        nan   12
   8    4    4   1.046851   -35.720041    18.354445      40.1598        nan        nan   12
   8    4   -4   1.046851   -35.720041   -18.354445      40.1598        nan        nan   12
   7    7    0   1.036113    -0.000000    -7.148545      7.14855        nan        nan   12
   5    8   -3   1.036113     8.576272   -31.805274      32.9413        nan        nan   12
   5    8    3   1.036113     8.576272    31.805274      32.9413        nan        nan   12
   8    5   -3   1.036113     7.131462     8.381444      11.0048        nan        nan   12
   8    5    3   1.036113    -7.131462     8.381444      11.0048        nan        nan   12
   4    9   -1   1.036113     9.831336    -1.580039      9.95749        nan        nan   12
   4    9    1   1.036113    -9.831336    -1.580039      9.95749        nan        nan   12
   9    4   -1   1.036113   -57.282033    -3.731811      57.4035        nan        nan   12
   9    4    1   1.036113   -57.282033     3.731811      57.4035        nan        nan   12
   6    8    0   1.025700    18.532415    -0.000000      18.5324        nan        nan   12
   8    6    0   1.025700    27.379586    -0.000000      27.3796        nan        nan   12
  10    0    0   1.025700   -58.229419     0.000000      58.2294        nan        nan    6
   7    7   -2   1.015594    57.061097     9.739933      57.8864        nan        nan   12
   7    7    2   1.015594   -57.061097     9.739933      57.8864        nan        nan   12
  10    1   -1   1.015594    28.926380   -18.504884       34.339        nan        nan   12
  10    1    1   1.015594   -28.926380   -18.504884       34.339        nan        nan   12
   6    8   -2   1.005782    28.946557    -6.932360      29.7651        nan        nan   12
   6    8    2   1.005782    28.946557     6.932360      29.7651        nan        nan   12
   8    6   -2   1.005782    -4.567951   -46.761816      46.9844        nan        nan   12
   8    6    2   1.005782    -4.567951    46.761816      46.9844        nan        nan   12
   2   10    0   1.005782    11.749489    -0.000000      11.7495        nan        nan   12
  10    2    0   1.005782     4.864287    -0.000000      4.86429        nan        nan   12
   5    9    0   0.996248     0.000000    51.328647      51.3286        nan        nan   12
   9    4    3   0.996248    62.628442    33.552978      71.0502        nan        nan   12
   9    5    0   0.996248     0.000000    30.206997       30.207        nan        nan   12
   4    9   -3   0.996248    17.861675   -11.659198      21.3302        nan        nan   12
   4    9    3   0.996248   -17.861675   -11.659198      21.3302        nan        nan   12
   9    4   -3   0.996248    62.628442   -33.552978      71.0502        nan        nan   12
   6    6    6   0.986980   -47.669025    57.855580       74.964        nan        nan    4
   6    6   -6   0.986980   -47.669025   -57.855580       74.964        nan        nan    4
  10    2   -2   0.986980   -65.803280   -26.335816      70.8777        nan        nan   12
  10    2    2   0.986980   -65.803280    26.335816      70.8777        nan        nan   12
   6    7   -5   0.977967    58.836863   -24.650112      63.7919        nan        nan   12
   6    7    5   0.977967   -58.836863   -24.650112      63.7919        nan        nan   12
   7    6    5   0.977967   -10.074408    11.623233      15.3816        nan        nan   12
   7    6   -5   0.977967   -10.074408   -11.623233      15.3816        nan        nan   12
   5    9   -2   0.977967    14.693121     7.580360      16.5333        nan        nan   12
   5    9    2   0.977967   -14.693121     7.580360      16.5333        nan        nan   12
   9    5   -2   0.977967    -6.794205   -39.468427      40.0489        nan        nan   12
   9    5    2   0.977967     6.794205   -39.468427      40.0489        nan        nan   12
   3   10   -1   0.977967    -2.320185    -6.524637      6.92489        nan        nan   12
   3   10    1   0.977967    -2.320185     6.524637      6.92489        nan        nan   12
  10    3   -1   0.977967   -47.513077    37.121796      60.2953        nan        nan   12
  10    3    1   0.977967    47.513077    37.121796      60.2953        nan        nan   12
   7    7    4   0.960656    -6.446544    32.482451       33.116        nan        nan   12
   8    5    5   0.960656   -43.342645    22.613126       48.887        nan        nan   12
   7    7   -4   0.960656     6.446544    32.482451       33.116        nan        nan   12
   7    8   -1   0.960656   -69.335871    -1.916476      69.3624        nan        nan   12
   7    8    1   0.960656   -69.335871     1.916476      69.3624        nan        nan   12
   8    5   -5   0.960656    43.342645    22.613126       48.887        nan        nan   12
   8    7   -1   0.960656    20.807819    55.955667      59.6993        nan        nan   12
   8    7    1   0.960656   -20.807819    55.955667      59.6993        nan        nan   12
   6    8   -4   0.952339   -18.600228   -39.243909      43.4287        nan        nan   12
   6    8    4   0.952339   -18.600228    39.243909      43.4287        nan        nan   12
   8    6   -4   0.952339   -58.638033   -11.483908       59.752        nan        nan   12
   8    6    4   0.952339   -58.638033    11.483908       59.752        nan        nan   12
   4   10    0   0.952339   -56.742175     0.000000      56.7422        nan        nan   12
  10    4    0   0.952339   -91.971922     0.000000      91.9719        nan        nan   12
   6    9   -1   0.944233   -53.272732   -26.160846      59.3496        nan        nan   12
   6    9    1   0.944233    53.272732   -26.160846      59.3496        nan        nan   12
   9    6   -1   0.944233   -33.782866    -3.743417      33.9896        nan        nan   12
   9    6    1   0.944233   -33.782866     3.743417      33.9896        nan        nan   12
  10    3   -3   0.944233    61.705280    21.608810      65.3795        nan        nan   12
  10    3    3   0.944233   -61.705280    21.608810      65.3795        nan        nan   12
   4   10    2   0.936332   -58.933302    17.857692      61.5795        nan        nan   12
  10    4   -2   0.936332    21.028109    -8.713038      22.7618        nan        nan   12
  10    4    2   0.936332    21.028109     8.713038      22.7618        nan        nan   12
   4   10   -2   0.936332   -58.933302   -17.857692      61.5795        nan        nan   12
   7    8    3   0.928625   -12.432605    14.902594      19.4077        nan        nan   12
   7    8   -3   0.928625   -12.432605   -14.902594      19.4077        nan        nan   12
   8    7   -3   0.928625    38.718409    32.937443       50.833        nan        nan   12
   8    7    3   0.928625   -38.718409    32.937443       50.833        nan        nan   12
   5    9   -4   0.928625   -17.414663    21.544799      27.7029        nan        nan   12
   5    9    4   0.928625    17.414663    21.544799      27.7029        nan        nan   12
   9    5   -4   0.928625   -53.544588   -16.509137      56.0319        nan        nan   12
   9    5    4   0.928625    53.544588   -16.509137      56.0319        nan        nan   12
  11    0    1   0.928625     0.000000    46.867240      46.8672        nan        nan   12
  11    1    0   0.928625     0.000000    36.809637      36.8096        nan        nan   12
   2   11    1   0.913766    76.833105   -26.236410      81.1891        nan        nan   12
  11    2   -1   0.913766   -23.818007   -15.002554      28.1491        nan        nan   12
  11    2    1   0.913766   -23.818007    15.002554      28.1491        nan        nan   12
   6    9   -3   0.913766   -18.185071   -37.558172       41.729        nan        nan   12
   6    9    3   0.913766    18.185071   -37.558172       41.729        nan        nan   12
   9    6   -3   0.913766    45.813238    25.340215      52.3544        nan        nan   12
   9    6    3   0.913766    45.813238   -25.340215      52.3544        nan        nan   12
   5   10   -1   0.913766    16.467198    26.577339      31.2654        nan        nan   12
   5   10    1   0.913766    16.467198   -26.577339      31.2654        nan        nan   12
  10    5   -1   0.913766   -71.655012    12.340145      72.7098        nan        nan   12
  10    5    1   0.913766    71.655012    12.340145      72.7098        nan        nan   12
   2   11   -1   0.913766   -76.833105   -26.236410      81.1891        nan        nan   12
   8    8    0   0.906599   -18.923976     0.000000       18.924        nan        nan   12
   3   11    0   0.899598     0.000000    28.231197      28.2312        nan        nan   12
  11    3    0   0.899598    -0.000000   -21.694724      21.6947        nan        nan   12
   7    9    0   0.899598     0.000000    58.666151      58.6662        nan        nan   12
   9    7    0   0.899598     0.000000    30.634056      30.6341        nan        nan   12
   8    8   -2   0.892757   -28.452439     6.453843      29.1752        nan        nan   12
   8    8    2   0.892757   -28.452439    -6.453843      29.1752        nan        nan   12
  10    4   -4   0.892757    13.867159   -21.297412      25.4141        nan        nan   12
  10    4    4   0.892757    13.867159    21.297412      25.4141        nan        nan   12
   7    7   -6   0.886070   -16.093305   -36.440529       39.836        nan        nan   12
   7    7    6   0.886070    16.093305   -36.440529       39.836        nan        nan   12
  10    5    3   0.886070    -1.107814   -32.054185      32.0733        nan        nan   12
   3   11   -2   0.886070     4.651671     9.061552      10.1858        nan        nan   12
   3   11    2   0.886070    -4.651671     9.061552      10.1858        nan        nan   12
  11    3    2   0.886070   -20.694454     8.002745      22.1879        nan        nan   12
   7    9   -2   0.886070   -68.616790    -5.519386      68.8384        nan        nan   12
   7    9    2   0.886070    68.616790    -5.519386      68.8384        nan        nan   12
   9    7   -2   0.886070     2.158784     3.821883      4.38944        nan        nan   12
   9    7    2   0.886070    -2.158784     3.821883      4.38944        nan        nan   12
   5   10   -3   0.886070   -10.936765    25.367496      27.6247        nan        nan   12
   5   10    3   0.886070   -10.936765   -25.367496      27.6247        nan        nan   12
  10    5   -3   0.886070     1.107814   -32.054185      32.0733        nan        nan   12
  11    3   -2   0.886070    20.694454     8.002745      22.1879        nan        nan   12
   8    6   -6   0.879530    34.855407   -29.470618      45.6445        nan        nan   12
   8    6    6   0.879530    34.855407    29.470618      45.6445        nan        nan   12
   6   10    0   0.879530    20.691413    -0.000000      20.6914        nan        nan   12
  10    6    0   0.879530   -45.071025     0.000000       45.071        nan        nan   12
   4   11   -1   0.873134   -31.228126    11.677583      33.3401        nan        nan   12
   4   11    1   0.873134    31.228126    11.677583      33.3401        nan        nan   12
  11    4   -1   0.873134   -17.939029    10.685972      20.8806        nan        nan   12
  11    4    1   0.873134   -17.939029   -10.685972      20.8806        nan        nan   12
   7    8   -5   0.873134   -40.679645     1.788876       40.719        nan        nan   12
   7    8    5   0.873134   -40.679645    -1.788876       40.719        nan        nan   12
   8    7   -5   0.873134   -40.182507    11.199005      41.7139        nan        nan   12
   8    7    5   0.873134    40.182507    11.199005      41.7139        nan        nan   12
   6   10   -2   0.866875   -36.108935    -9.489190       37.335        nan        nan   12
   6   10    2   0.866875   -36.108935     9.489190       37.335        nan        nan   12
  10    6   -2   0.866875   -35.859092    -4.456540       36.135        nan        nan   12
  10    6    2   0.866875   -35.859092     4.456540       36.135        nan        nan   12
   6    9    5   0.860748    -6.586433    -6.378052      9.16846        nan        nan   12
   9    6    5   0.860748   -46.196844    -6.272405      46.6207        nan        nan   12
   6    9   -5   0.860748     6.586433    -6.378052      9.16846        nan        nan   12
   9    6   -5   0.860748   -46.196844     6.272405      46.6207        nan        nan   12
   8    8   -4   0.854750   134.766442   -26.931789      137.431        nan        nan   12
   8    8    4   0.854750   134.766442    26.931789      137.431        nan        nan   12
  12    0    0   0.854750   -80.919650     0.000000      80.9196        nan        nan    6
   8    9    1   0.848875     8.903736    18.858583      20.8548        nan        nan   12
   7    9    4   0.848875   -38.797082    -8.957226      39.8177        nan        nan   12
   9    7   -4   0.848875   -10.711972    -9.578858      14.3701        nan        nan   12
   9    7    4   0.848875    10.711972    -9.578858      14.3701        nan        nan   12
   5   11    0   0.848875     0.000000    33.568791      33.5688        nan        nan   12
   4   11   -3   0.848875    -9.904155    23.558984      25.5562        nan        nan   12
   4   11    3   0.848875     9.904155    23.558984      25.5562        nan        nan   12
  11    4   -3   0.848875   -21.314383    -1.634513       21.377        nan        nan   12
  11    4    3   0.848875   -21.314383     1.634513       21.377        nan        nan   12
  11    5    0   0.848875    -0.000000    -3.041273      3.04127        nan        nan   12
   8    9   -1   0.848875    -8.903736    18.858583      20.8548        nan        nan   12
   7    9   -4   0.848875    38.797082    -8.957226      39.8177        nan        nan   12
   9    8   -1   0.848875   -13.771315   -17.054491      21.9204        nan        nan   12
   9    8    1   0.848875   -13.771315    17.054491      21.9204        nan        nan   12
  12    1   -1   0.848875   -31.616048    -3.143817       31.772        nan        nan   12
  12    1    1   0.848875    31.616048    -3.143817       31.772        nan        nan   12
   2   12    0   0.843120    38.178759    -0.000000      38.1788        nan        nan   12
  12    2    0   0.843120   -25.402001     0.000000       25.402        nan        nan   12
   7   10   -1   0.837481   -74.390895   -12.620169      75.4538        nan        nan   12
   7   10    1   0.837481   -74.390895    12.620169      75.4538        nan        nan   12
  10    5    5   0.837481   -52.877476     5.616976       53.175        nan        nan   12
  10    7   -1   0.837481    74.560936     9.170431      75.1228        nan        nan   12
  10    7    1   0.837481   -74.560936     9.170431      75.1228        nan        nan   12
   5   11   -2   0.837481   -26.048480    37.795189      45.9021        nan        nan   12
   5   11    2   0.837481    26.048480    37.795189      45.9021        nan        nan   12
  11    5   -2   0.837481    12.460328     3.735814      13.0083        nan        nan   12
  11    5    2   0.837481   -12.460328     3.735814      13.0083        nan        nan   12
  10    5   -5   0.837481    52.877476     5.616976       53.175        nan        nan   12
  12    2    2   0.831953     5.413200    20.357593       21.065        nan        nan   12
   6   10   -4   0.831953     8.568164   -18.850401      20.7063        nan        nan   12
   6   10    4   0.831953     8.568164    18.850401      20.7063        nan        nan   12
  10    6   -4   0.831953    23.512930   -24.101428       33.671        nan        nan   12
  10    6    4   0.831953    23.512930    24.101428       33.671        nan        nan   12
  12    2   -2   0.831953     5.413200   -20.357593       21.065        nan        nan   12
   3   12   -1   0.826533    -9.402719     4.320892       10.348        nan        nan   12
   3   12    1   0.826533    -9.402719    -4.320892       10.348        nan        nan   12
  12    3   -1   0.826533     2.446523    51.154826      51.2133        nan        nan   12
  12    3    1   0.826533    -2.446523    51.154826      51.2133        nan        nan   12
   8    9   -3   0.826533    12.014807    -3.285762       12.456        nan        nan   12
   8    9    3   0.826533   -12.014807    -3.285762       12.456        nan        nan   12
   9    8   -3   0.826533   -29.892570    20.370990      36.1738        nan        nan   12
   9    8    3   0.826533   -29.892570   -20.370990      36.1738        nan        nan   12
  10    7    3   0.816003   -24.304482    21.916572      32.7268        nan        nan   12
   6   11   -1   0.816003    90.609015    14.764030       91.804        nan        nan   12
   6   11    1   0.816003   -90.609015    14.764030       91.804        nan        nan   12
  11    6   -1   0.816003   -24.799310   -26.416970      36.2334        nan        nan   12
  11    6    1   0.816003   -24.799310    26.416970      36.2334        nan        nan   12
   7   10   -3   0.816003    23.869194     6.033904        24.62        nan        nan   12
   7   10    3   0.816003    23.869194    -6.033904        24.62        nan        nan   12
  10    7   -3   0.816003    24.304482    21.916572      32.7268        nan        nan   12
   4   12    0   0.810887    50.709864    -0.000000      50.7099        nan        nan   12
  12    4    0   0.810887    69.097922    -0.000000      69.0979        nan        nan   12
   8    7   -7   0.805866     3.302828    11.541899      12.0052        nan        nan   12
   8    7    7   0.805866    -3.302828    11.541899      12.0052        nan        nan   12
   9    9    0   0.805866     0.000000     0.276936     0.276936        nan        nan   12
   5   11   -4   0.805866    31.158460    47.127343      56.4963        nan        nan   12
   5   11    4   0.805866   -31.158460    47.127343      56.4963        nan        nan   12
  11    5   -4   0.805866    -1.355960    18.451596      18.5014        nan        nan   12
  11    5    4   0.805866     1.355960    18.451596      18.5014        nan        nan   12
  12    3   -3   0.805866     1.838849    41.051420      41.0926        nan        nan   12
  12    3    3   0.805866    -1.838849    41.051420      41.0926        nan        nan   12
   4   12    2   0.800937   -71.562572   -38.843882      81.4251        nan        nan   12
   8    8    6   0.800937   -19.787844    16.296933      25.6349        nan        nan   12
   8   10    0   0.800937   -33.130489     0.000000      33.1305        nan        nan   12
  10    8    0   0.800937    71.247133    -0.000000      71.2471        nan        nan   12
   4   12   -2   0.800937   -71.562572    38.843882      81.4251        nan        nan   12
  12    4   -2   0.800937   -44.779542    -8.260094       45.535        nan        nan   12
  12    4    2   0.800937   -44.779542     8.260094       45.535        nan        nan   12
   8    8   -6   0.800937   -19.787844   -16.296933      25.6349        nan        nan   12
   6   11    3   0.796098   -13.160911   -12.546157      18.1828        nan        nan   12
  11    6   -3   0.796098   -25.408641    27.197542      37.2197        nan        nan   12
  11    6    3   0.796098   -25.408641   -27.197542      37.2197        nan        nan   12
   7    9   -6   0.796098   -17.269275    -1.294384      17.3177        nan        nan   12
   7    9    6   0.796098    17.269275    -1.294384      17.3177        nan        nan   12
   9    7   -6   0.796098     0.655677   -39.348916      39.3544        nan        nan   12
   9    7    6   0.796098    -0.655677   -39.348916      39.3544        nan        nan   12
   9    9   -2   0.796098   -23.812006     6.310762      24.6341        nan        nan   12
   9    9    2   0.796098    23.812006     6.310762      24.6341        nan        nan   12
   6   11   -3   0.796098    13.160911   -12.546157      18.1828        nan        nan   12
   8   10    2   0.791345    35.274958   -19.802766      40.4533        nan        nan   12
  10    8   -2   0.791345    44.677694    -6.354999      45.1274        nan        nan   12
  10    8    2   0.791345    44.677694     6.354999      45.1274        nan        nan   12
   8   10   -2   0.791345    35.274958    19.802766      40.4533        nan        nan   12
   8    9    5   0.786676    44.713673     1.942690      44.7559        nan        nan   12
   9    8    5   0.786676    46.671342    13.061797      48.4647        nan        nan   12
   7   11    0   0.786676     0.000000    57.729740      57.7297        nan        nan   12
  11    7    0   0.786676     0.000000    50.562170      50.5622        nan        nan   12
   5   12    1   0.786676   -26.429353    13.199837      29.5423        nan        nan   12
  12    5   -1   0.786676    56.357083    31.259378      64.4459        nan        nan   12
  12    5    1   0.786676   -56.357083    31.259378      64.4459        nan        nan   12
   8    9   -5   0.786676   -44.713673     1.942690      44.7559        nan        nan   12
   9    8   -5   0.786676    46.671342   -13.061797      48.4647        nan        nan   12
   5   12   -1   0.786676   -26.429353   -13.199837      29.5423        nan        nan   12
  13    0    1   0.786676     0.000000     9.064257      9.06426        nan        nan   12
  13    1    0   0.786676    -0.000000    -0.685510      0.68551        nan        nan   12
  10    6   -6   0.782089   -19.755667   -13.949636      24.1843        nan        nan   12
  10    6    6   0.782089   -19.755667    13.949636      24.1843        nan        nan   12
   7   11    2   0.777581   -59.658143   -18.845985      62.5641        nan        nan   12
  11    7    2   0.777581    43.858559   -29.973580      53.1224        nan        nan   12
   7   10   -5   0.777581   -24.805573    33.258568      41.4903        nan        nan   12
   7   10    5   0.777581   -24.805573   -33.258568      41.4903        nan        nan   12
  10    7    5   0.777581    61.629217    21.268698       65.196        nan        nan   12
   7   11   -2   0.777581    59.658143   -18.845985      62.5641        nan        nan   12
  11    7   -2   0.777581   -43.858559   -29.973580      53.1224        nan        nan   12
  13    1   -2   0.777581    61.160578   -21.824886       64.938        nan        nan   12
  13    1    2   0.777581   -61.160578   -21.824886       64.938        nan        nan   12
  13    2   -1   0.777581   -45.693463   -25.192590      52.1781        nan        nan   12
  13    2    1   0.777581   -45.693463    25.192590      52.1781        nan        nan   12
  10    7   -5   0.777581   -61.629217    21.268698       65.196        nan        nan   12
  12    4    4   0.773150    14.957020    18.530354      23.8136        nan        nan   12
  12    4   -4   0.773150    14.957020   -18.530354      23.8136        nan        nan   12
   9    9   -4   0.768795     2.979863    59.108644      59.1837        nan        nan   12
   9    9    4   0.768795    -2.979863    59.108644      59.1837        nan        nan   12
   5   12   -3   0.768795    12.129546   -17.200582      21.0472        nan        nan   12
   5   12    3   0.768795    12.129546    17.200582      21.0472        nan        nan   12
  12    5   -3   0.768795    57.765928    28.488098      64.4086        nan        nan   12
  12    5    3   0.768795   -57.765928    28.488098      64.4086        nan        nan   12
   3   13    0   0.768795     0.000000    44.885895      44.8859        nan        nan   12
  13    3    0   0.768795    -0.000000    -8.144314      8.14431        nan        nan   12
   8   10   -4   0.764512   -80.307636   -18.347117      82.3768        nan        nan   12
   8   10    4   0.764512   -80.307636    18.347117      82.3768        nan        nan   12
  10    8   -4   0.764512   -89.015744     2.339605      89.0465        nan        nan   12
  10    8    4   0.764512   -89.015744    -2.339605      89.0465        nan        nan   12
   6   12    0   0.764512   -46.172666     0.000000      46.1727        nan        nan   12
  12    6    0   0.764512   -98.016187     0.000000      98.0162        nan        nan   12
   6   11   -5   0.760299  -117.405160   -20.016217      119.099        nan        nan   12
   6   11    5   0.760299   117.405160   -20.016217      119.099        nan        nan   12
  11    6   -5   0.760299   -46.885915    27.212890       54.211        nan        nan   12
  11    6    5   0.760299   -46.885915   -27.212890       54.211        nan        nan   12
   9   10    1   0.760299     8.415358   -14.707630       16.945        nan        nan   12
  10    9   -1   0.760299     5.590195   -24.235152      24.8715        nan        nan   12
  10    9    1   0.760299    -5.590195   -24.235152      24.8715        nan        nan   12
  13    2   -3   0.760299    75.005349    -1.015690      75.0122        nan        nan   12
  13    2    3   0.760299    75.005349     1.015690      75.0122        nan        nan   12
  13    3   -2   0.760299    39.129408   -12.507406      41.0797        nan        nan   12
  13    3    2   0.760299   -39.129408   -12.507406      41.0797        nan        nan   12
   9   10   -1   0.760299     8.415358    14.707630       16.945        nan        nan   12
   6   12    2   0.756156    38.871569    28.018721      47.9171        nan        nan   12
  12    6    2   0.756156    33.215127   -23.176633      40.5019        nan        nan   12
   6   12   -2   0.756156    38.871569   -28.018721      47.9171        nan        nan   12
  12    6   -2   0.756156    33.215127    23.176633      40.5019        nan        nan   12
   8   11    1   0.752080    54.759988    23.948592      59.7678        nan        nan   12
   7   11    4   0.752080    -0.625066    17.917480      17.9284        nan        nan   12
  11    7   -4   0.752080   -11.893932     8.449362      14.5896        nan        nan   12
  11    7    4   0.752080    11.893932     8.449362      14.5896        nan        nan   12
  11    8   -1   0.752080   -24.907153   -14.773044      28.9587        nan        nan   12
  11    8    1   0.752080   -24.907153    14.773044      28.9587        nan        nan   12
   8   11   -1   0.752080   -54.759988    23.948592      59.7678        nan        nan   12
   7   11   -4   0.752080     0.625066    17.917480      17.9284        nan        nan   12
   4   13   -1   0.752080   -45.057095    -2.045785      45.1035        nan        nan   12
   4   13    1   0.752080    45.057095    -2.045785      45.1035        nan        nan   12
  13    4   -1   0.752080    49.787600   -40.165070       63.969        nan        nan   12
  13    4    1   0.752080    49.787600    40.165070       63.969        nan        nan   12
   9   10    3   0.744121   -44.097313    -8.202369      44.8537        nan        nan   12
  10    9   -3   0.744121    13.234801    18.928205      23.0963        nan        nan   12
  10    9    3   0.744121   -13.234801    18.928205      23.0963        nan        nan   12
   9   10   -3   0.744121   -44.097313     8.202369      44.8537        nan        nan   12
   8    8    8   0.740235  -103.641667    39.659964      110.971        nan        nan    4
   8    8   -8   0.740235  -103.641667   -39.659964      110.971        nan        nan    4
   5   13    0   0.736410     0.000000    61.903801      61.9038        nan        nan   12
  13    5    0   0.736410    -0.000000    -1.348257      1.34826        nan        nan   12
   8    9   -7   0.736410    -8.369545    32.765015      33.8171        nan        nan   12
   8    9    7   0.736410     8.369545    32.765015      33.8171        nan        nan   12
   9    8   -7   0.736410    12.865056   -15.468290      20.1191        nan        nan   12
   9    8    7   0.736410    12.865056    15.468290      20.1191        nan        nan   12
   8   11   -3   0.736410   -28.433662    33.508926      43.9468        nan        nan   12
   8   11    3   0.736410    28.433662    33.508926      43.9468        nan        nan   12
  11    8   -3   0.736410   -38.679122     4.626283      38.9548        nan        nan   12
  11    8    3   0.736410   -38.679122    -4.626283      38.9548        nan        nan   12
   7   12    1   0.736410    -7.305867   -16.634342       18.168        nan        nan   12
  12    5   -5   0.736410   -73.788057    -2.143028      73.8192        nan        nan   12
  12    5    5   0.736410    73.788057    -2.143028      73.8192        nan        nan   12
  12    7   -1   0.736410   -67.300753    62.299300      91.7093        nan        nan   12
  12    7    1   0.736410    67.300753    62.299300      91.7093        nan        nan   12
   4   13   -3   0.736410   -22.898709   -17.066792      28.5592        nan        nan   12
   4   13    3   0.736410    22.898709   -17.066792      28.5592        nan        nan   12
  13    4   -3   0.736410   -42.245595    19.407934      46.4904        nan        nan   12
  13    4    3   0.736410   -42.245595   -19.407934      46.4904        nan        nan   12
   7   12   -1   0.736410    -7.305867    16.634342       18.168        nan        nan   12
  12    6    4   0.732643   -17.162129    23.207104      28.8636        nan        nan   12
  14    0    0   0.732643   -22.529970     0.000000        22.53        nan        nan    6
   6   12   -4   0.732643    44.185183    19.330102      48.2284        nan        nan   12
   6   12    4   0.732643    44.185183   -19.330102      48.2284        nan        nan   12
  12    6   -4   0.732643   -17.162129   -23.207104      28.8636        nan        nan   12
  10    7    7   0.728933   -25.092158   -25.526020      35.7938        nan        nan   12
   5   13    2   0.728933    -0.430887    17.067794      17.0732        nan        nan   12
  13    5    2   0.728933    69.846622    -9.372893      70.4727        nan        nan   12
   9    9   -6   0.728933   -62.221610   -28.431585      68.4097        nan        nan   12
   9    9    6   0.728933    62.221610   -28.431585      68.4097        nan        nan   12
  10    7   -7   0.728933    25.092158   -25.526020      35.7938        nan        nan   12
  14    1   -1   0.728933     4.199215    13.708144      14.3369        nan        nan   12
  14    1    1   0.728933    -4.199215    13.708144      14.3369        nan        nan   12
   5   13   -2   0.728933     0.430887    17.067794      17.0732        nan        nan   12
  13    5   -2   0.728933   -69.846622    -9.372893      70.4727        nan        nan   12
   8   10    6   0.725279     1.433711    21.548219      21.5959        nan        nan   12
  10    8    6   0.725279    57.229606    24.597833      62.2919        nan        nan   12
   2   14    0   0.725279     0.903972    -0.000000     0.903972        nan        nan   12
  14    2    0   0.725279   -82.101328     0.000000      82.1013        nan        nan   12
   8   10   -6   0.725279     1.433711   -21.548219      21.5959        nan        nan   12
  10    8   -6   0.725279    57.229606   -24.597833      62.2919        nan        nan   12
  10   10    0   0.725279    -6.975742     0.000000      6.97574        nan        nan   12
   9   11    0   0.721680     0.000000    36.327762      36.3278        nan        nan   12
  11    9    0   0.721680     0.000000    13.794368      13.7944        nan        nan   12
   7   12   -3   0.721680   -37.569182    14.788893      40.3752        nan        nan   12
   7   12    3   0.721680   -37.569182   -14.788893      40.3752        nan        nan   12
  12    7   -3   0.721680   -27.008235    29.900724      40.2927        nan        nan   12
  12    7    3   0.721680    27.008235    29.900724      40.2927        nan        nan   12
  10   10   -2   0.718134    -4.451946   -15.855363      16.4685        nan        nan   12
  10   10    2   0.718134    -4.451946    15.855363      16.4685        nan        nan   12
  14    2   -2   0.718134   -51.974788    20.834721      55.9952        nan        nan   12
  14    2    2   0.718134   -51.974788   -20.834721      55.9952        nan        nan   12
  10    9    5   0.714639    46.820709   -43.419195      63.8546        nan        nan   12
   9   11    2   0.714639    -0.581931     3.462515      3.51108        nan        nan   12
   7   11    6   0.714639    27.593377    -8.780924      28.9568        nan        nan   12
  11    7    6   0.714639    -2.617045     1.025408      2.81076        nan        nan   12
  11    9    2   0.714639   -22.435915    -8.988059      24.1693        nan        nan   12
   3   14   -1   0.714639   -38.487815    36.593707      53.1075        nan        nan   12
   3   14    1   0.714639   -38.487815   -36.593707      53.1075        nan        nan   12
  14    3   -1   0.714639   -10.982321    33.884191      35.6195        nan        nan   12
  14    3    1   0.714639    10.982321    33.884191      35.6195        nan        nan   12
   9   10   -5   0.714639    39.542567    27.888451      48.3878        nan        nan   12
   9   10    5   0.714639    39.542567   -27.888451      48.3878        nan        nan   12
  10    9   -5   0.714639   -46.820709   -43.419195      63.8546        nan        nan   12
   9   11   -2   0.714639     0.581931     3.462515      3.51108        nan        nan   12
   7   11   -6   0.714639   -27.593377    -8.780924      28.9568        nan        nan   12
  11    7   -6   0.714639     2.617045     1.025408      2.81076        nan        nan   12
  11    9   -2   0.714639    22.435915    -8.988059      24.1693        nan        nan   12
   6   13   -1   0.714639   -50.819075   -23.081389      55.8151        nan        nan   12
   6   13    1   0.714639    50.819075   -23.081389      55.8151        nan        nan   12
  13    6   -1   0.714639     0.724039    19.094034      19.1078        nan        nan   12
  13    6    1   0.714639     0.724039   -19.094034      19.1078        nan        nan   12
   8   12    0   0.711195    34.044992    -0.000000       34.045        nan        nan   12
  12    8    0   0.711195     8.383919    -0.000000      8.38392        nan        nan   12
   8   11    5   0.707800    13.661493    15.097412      20.3609        nan        nan   12
  11    8    5   0.707800    -2.295694     5.228544      5.71033        nan        nan   12
   8   11   -5   0.707800   -13.661493    15.097412      20.3609        nan        nan   12
  11    8   -5   0.707800    -2.295694    -5.228544      5.71033        nan        nan   12
   5   13   -4   0.707800     8.237811    42.242412      43.0382        nan        nan   12
  13    5   -4   0.707800     1.326634    -9.508171      9.60028        nan        nan   12
   5   13    4   0.707800    -8.237811    42.242412      43.0382        nan        nan   12
  13    5    4   0.707800    -1.326634    -9.508171      9.60028        nan        nan   12
   8   12    2   0.704454     3.563601    13.857912      14.3088        nan        nan   12
   8   12   -2   0.704454     3.563601   -13.857912      14.3088        nan        nan   12
  12    8    2   0.704454    37.707351    -0.561223      37.7115        nan        nan   12
  12    8   -2   0.704454    37.707351     0.561223      37.7115        nan        nan   12
   4   14    0   0.704454   -84.730152     0.000000      84.7302        nan        nan   12
  14    4    0   0.704454   -32.387278     0.000000      32.3873        nan        nan   12
  14    3    3   0.701154    44.526206    -2.972296      44.6253        nan        nan   12
  14    3   -3   0.701154   -44.526206    -2.972296      44.6253        nan        nan   12
   6   13    3   0.701154    20.861157   -14.788986      25.5715        nan        nan   12
  13    6   -3   0.701154     7.645785    17.559676       19.152        nan        nan   12
  13    6    3   0.701154     7.645785   -17.559676       19.152        nan        nan   12
   6   13   -3   0.701154   -20.861157   -14.788986      25.5715        nan        nan   12
