   h    k    l       d(Å)      F(real)      F(imag)          |F|         2θ          I    M
   1    1    0   7.252794    -0.000000    -9.576840      9.57684   20.33002    3.41520   12
   2    0    0   5.128500   -41.068387     0.000000      41.0684   28.90599   15.95962    6
   2    1    1   4.187403    -6.731763   -28.888333      29.6623   35.59801   11.28992   12
   2    1   -1   4.187403     6.731763   -28.888333      29.6623   35.59801   11.28992   12
   2    2    0   3.626397    64.841191    -0.000000      64.8412   41.33785   41.17522   12
   1    3    0   3.243548    -0.000000   -12.630889      12.6309   46.48575    1.27280   12
   3    1    0   3.243548     0.000000    27.519210      27.5192   46.48575    6.04175   12
   2    2    2   2.960941   -45.528053   -22.346271      50.7165   51.22659    5.80829    4
   2    2   -2   2.960941   -45.528053    22.346271      50.7165   51.22659    5.80829    4
   2    3    1   2.741299   -16.788869   -12.279867      20.8005   55.67066    2.56185   12
   3    2   -1   2.741299    25.084477    20.214127      32.2156   55.67066    6.14522   12
   3    2    1   2.741299    25.084477   -20.214127      32.2156   55.67066    6.14522   12
   2    3   -1   2.741299    16.788869   -12.279867      20.8005   55.67066    2.56185   12
   4    0    0   2.564250   -79.285538     0.000000      79.2855   59.89038   16.61875    6
   4    1   -1   2.417598    56.097256   -27.274253      62.3762   63.93675   18.67779   12
   4    1    1   2.417598   -56.097256   -27.274253      62.3762   63.93675   18.67779   12
   3    3    0   2.417598    -0.000000    -7.054023      7.05402   63.93675    0.23887   12
   2    4    0   2.293535    78.280210    -0.000000      78.2802   67.84769   27.06710   12
   4    2    0   2.293535    76.181039    -0.000000       76.181   67.84769   25.63489   12
   3    3    2   2.186800  -126.952128    -5.234773       127.06   71.65265   66.34600   12
   3    3   -2   2.186800   126.952128    -5.234773       127.06   71.65265   66.34600   12
   4    2    2   2.093701    18.293906     1.208062      18.3338   75.37545    1.29733   12
   4    2   -2   2.093701    18.293906    -1.208062      18.3338   75.37545    1.29733   12
   3    4   -1   2.011563   -99.610390    27.940762      103.455   79.03607   39.11705   12
   3    4    1   2.011563   -99.610390   -27.940762      103.455   79.03607   39.11705   12
   4    3   -1   2.011563   -71.513282     6.404429      71.7995   79.03607   18.84112   12
   4    3    1   2.011563    71.513282     6.404429      71.7995   79.03607   18.84112   12
   1    5    0   2.011563    -0.000000   -36.755769      36.7558   79.03607    4.93759   12
   5    1    0   2.011563    -0.000000   -18.447945      18.4479   79.03607    1.24383   12
   2    5    1   1.872663    80.873849   -68.830524      106.199   86.23841   37.75434   12
   5    2   -1   1.872663   -68.919160    28.890473      74.7296   86.23841   18.69439   12
   5    2    1   1.872663   -68.919160   -28.890473      74.7296   86.23841   18.69439   12
   2    5   -1   1.872663   -80.873849   -68.830524      106.199   86.23841   37.75434   12
   4    4    0   1.813199   164.510181    -0.000000       164.51   89.81023   87.53128   12
   4    3   -3   1.759061   -21.607688    11.745688      24.5938   93.38132    1.90116   12
   4    3    3   1.759061    21.607688    11.745688      24.5938   93.38132    1.90116   12
   3    5    0   1.759061     0.000000    -9.840296       9.8403   93.38132    0.30436   12
   5    3    0   1.759061    -0.000000   -50.584748      50.5847   93.38132    8.04279   12
   4    4   -2   1.709500   -54.272380    23.311656      59.0671   96.96563   10.71786   12
   4    4    2   1.709500   -54.272380   -23.311656      59.0671   96.96563   10.71786   12
   6    0    0   1.709500    63.627342    -0.000000      63.6273   96.96563    6.21833    6
   6    1    1   1.663905    76.071071   -31.639504      82.3885  100.57759   20.49439   12
   3    5   -2   1.663905   -74.231014   -25.676316      78.5463  100.57759   18.62743   12
   3    5    2   1.663905    74.231014   -25.676316      78.5463  100.57759   18.62743   12
   5    3   -2   1.663905   -32.619387   -58.144165      66.6691  100.57759   13.41995   12
   5    3    2   1.663905    32.619387   -58.144165      66.6691  100.57759   13.41995   12
   6    1   -1   1.663905   -76.071071   -31.639504      82.3885  100.57759   20.49439   12
   2    6    0   1.621774    -7.106396     0.000000       7.1064  104.23266    0.15072   12
   6    2    0   1.621774   -48.003225     0.000000      48.0032  104.23266    6.87702   12
   4    5    1   1.582689    41.212819   -38.267973        56.24  107.94795    9.38602   12
   5    4   -1   1.582689    33.487919   -17.268193       37.678  107.94795    4.21276   12
   5    4    1   1.582689    33.487919    17.268193       37.678  107.94795    4.21276   12
   4    5   -1   1.582689   -41.212819   -38.267973        56.24  107.94795    9.38602   12
   6    2    2   1.546301   -67.949164    21.220163      71.1856  111.74312   15.04736   12
   6    2   -2   1.546301   -67.949164   -21.220163      71.1856  111.74312   15.04736   12
   3    6    1   1.512312   -63.635843   -27.752341      69.4242  115.64150   14.42174   12
   6    3    1   1.512312   -46.312114   -18.494016      49.8682  115.64150    7.44122   12
   3    6   -1   1.512312   -63.635843    27.752341      69.4242  115.64150   14.42174   12
   6    3   -1   1.512312    46.312114   -18.494016      49.8682  115.64150    7.44122   12
   4    4    4   1.480470    88.530345    23.926696      91.7066  119.67185    8.52026    4
   4    4   -4   1.480470    88.530345   -23.926696      91.7066  119.67185    8.52026    4
   4    5    3   1.450559     9.766178    -5.332864      11.1273  123.87100    0.38585   12
   5    4    3   1.450559   -90.156329    16.069802      91.5773  123.87100   26.13418   12
   1    7    0   1.450559    -0.000000   -21.305054      21.3051  123.87100    1.41449   12
   7    1    0   1.450559    -0.000000   -39.134272      39.1343  123.87100    4.77252   12
   5    4   -3   1.450559   -90.156329   -16.069802      91.5773  123.87100   26.13418   12
   4    5   -3   1.450559    -9.766178    -5.332864      11.1273  123.87100    0.38585   12
   5    5    0   1.450559    -0.000000   -22.057085      22.0571  123.87100    1.51611   12
   4    6    0   1.422390  -105.379431     0.000000      105.379  128.28824   35.89583   12
   6    4    0   1.422390   -58.483454     0.000000      58.4835  128.28824   11.05601   12
   2    7    1   1.395801   -58.577520   -32.430514      66.9557  132.99315   15.25993   12
   7    2   -1   1.395801   -92.545039     3.328976      92.6049  132.99315   29.19076   12
   7    2    1   1.395801   -92.545039    -3.328976      92.6049  132.99315   29.19076   12
   5    5   -2   1.395801    27.792790   -34.607354      44.3859  132.99315    6.70606   12
   5    5    2   1.395801   -27.792790   -34.607354      44.3859  132.99315    6.70606   12
   6    3    3   1.395801    12.041471   -10.669351      16.0883  132.99315    0.88104   12
   6    3   -3   1.395801   -12.041471   -10.669351      16.0883  132.99315    0.88104   12
   2    7   -1   1.395801    58.577520   -32.430514      66.9557  132.99315   15.25993   12
   4    6    2   1.370649    47.450006     6.797889      47.9345  138.09077    8.41021   12
   6    4   -2   1.370649    52.193383   -30.708353       60.557  138.09077   13.42269   12
   6    4    2   1.370649    52.193383    30.708353       60.557  138.09077   13.42269   12
   4    6   -2   1.370649    47.450006    -6.797889      47.9345  138.09077    8.41021   12
   3    7    0   1.346810     0.000000    14.013525      14.0135  143.75507    0.79794   12
   7    3    0   1.346810     0.000000    37.933139      37.9331  143.75507    5.84671   12
   3    7    2   1.302640    96.772659   -26.921739      100.448  158.60425   64.26432   12
   7    3    2   1.302640    47.561815   -53.747350      71.7698  158.60425   32.80756   12
   5    6   -1   1.302640   -61.668602   -11.141478       62.667  158.60425   25.01312   12
   5    6    1   1.302640   -61.668602    11.141478       62.667  158.60425   25.01312   12
   6    5   -1   1.302640   104.566461   -48.298486      115.182  158.60425   84.50056   12
   6    5    1   1.302640  -104.566461   -48.298486      115.182  158.60425   84.50056   12
   3    7   -2   1.302640   -96.772659   -26.921739      100.448  158.60425   64.26432   12
   7    3   -2   1.302640   -47.561815   -53.747350      71.7698  158.60425   32.80756   12
   8    0    0   1.282125   100.245309    -0.000000      100.245  173.40156  100.00000    6
   4    7   -1   1.262549     9.592220    18.805166      21.1103        nan        nan   12
   4    7    1   1.262549    -9.592220    18.805166      21.1103        nan        nan   12
   7    4   -1   1.262549   -14.242625   -18.729803      23.5299        nan        nan   12
   7    4    1   1.262549   -14.242625    18.729803      23.5299        nan        nan   12
   5    5   -4   1.262549    17.244951     4.039414      17.7117        nan        nan   12
   5    5    4   1.262549   -17.244951     4.039414      17.7117        nan        nan   12
   8    1   -1   1.262549   -18.846719   -11.773409      22.2219        nan        nan   12
   8    1    1   1.262549    18.846719   -11.773409      22.2219        nan        nan   12
   6    4    4   1.243844    21.263794    40.628341      45.8564        nan        nan   12
   6    4   -4   1.243844    21.263794   -40.628341      45.8564        nan        nan   12
   2    8    0   1.243844   -59.745423     0.000000      59.7454        nan        nan   12
   8    2    0   1.243844  -113.863875     0.000000      113.864        nan        nan   12
   5    6   -3   1.225946     0.973448   -42.980779      42.9918        nan        nan   12
   5    6    3   1.225946     0.973448    42.980779      42.9918        nan        nan   12
   6    5    3   1.225946   -88.302238   -28.528921      92.7965        nan        nan   12
   6    5   -3   1.225946    88.302238   -28.528921      92.7965        nan        nan   12
   8    2   -2   1.208799    25.107067     7.945613      26.3343        nan        nan   12
   8    2    2   1.208799    25.107067    -7.945613      26.3343        nan        nan   12
   6    6    0   1.208799    77.833250    -0.000000      77.8333        nan        nan   12
   5    7    0   1.192352     0.000000    20.327051      20.3271        nan        nan   12
   4    7   -3   1.192352    17.501876     6.348956      18.6179        nan        nan   12
   4    7    3   1.192352   -17.501876     6.348956      18.6179        nan        nan   12
   7    4   -3   1.192352   -77.511814   -26.215090      81.8249        nan        nan   12
   7    4    3   1.192352   -77.511814    26.215090      81.8249        nan        nan   12
   7    5    0   1.192352     0.000000    20.398196      20.3982        nan        nan   12
   3    8   -1   1.192352   -12.660870     2.907277      12.9904        nan        nan   12
   3    8    1   1.192352   -12.660870    -2.907277      12.9904        nan        nan   12
   8    3   -1   1.192352     7.527151    20.480282      21.8197        nan        nan   12
   8    3    1   1.192352    -7.527151    20.480282      21.8197        nan        nan   12
   6    6   -2   1.176559   -47.337294    -5.449173      47.6499        nan        nan   12
   6    6    2   1.176559   -47.337294     5.449173      47.6499        nan        nan   12
   5    7    2   1.161377   -39.858246   -29.735462       49.728        nan        nan   12
   7    5    2   1.161377    33.727474   -17.065633      37.7992        nan        nan   12
   5    7   -2   1.161377    39.858246   -29.735462       49.728        nan        nan   12
   7    5   -2   1.161377   -33.727474   -17.065633      37.7992        nan        nan   12
   4    8    0   1.146767    74.572808    -0.000000      74.5728        nan        nan   12
   8    4    0   1.146767    67.778810    -0.000000      67.7788        nan        nan   12
   8    3   -3   1.132696    71.710917    42.933752      83.5809        nan        nan   12
   8    3    3   1.132696   -71.710917    42.933752      83.5809        nan        nan   12
   1    9    0   1.132696     0.000000    34.571864      34.5719        nan        nan   12
   9    1    0   1.132696    -0.000000   -79.096070      79.0961        nan        nan   12
   4    8    2   1.119130    16.874587    80.715283      82.4603        nan        nan   12
   8    4   -2   1.119130    43.148559   -39.088248       58.221        nan        nan   12
   8    4    2   1.119130    43.148559    39.088248       58.221        nan        nan   12
   4    8   -2   1.119130    16.874587   -80.715283      82.4603        nan        nan   12
   6    5    5   1.106041   109.985433   -45.695737        119.1        nan        nan   12
   6    5   -5   1.106041  -109.985433   -45.695737        119.1        nan        nan   12
   6    7   -1   1.106041  -164.723982     0.635174      164.725        nan        nan   12
   6    7    1   1.106041   164.723982     0.635174      164.725        nan        nan   12
   7    6   -1   1.106041    -8.590354    13.819617      16.2719        nan        nan   12
   7    6    1   1.106041    -8.590354   -13.819617      16.2719        nan        nan   12
   2    9   -1   1.106041   -14.227191   -73.162919      74.5334        nan        nan   12
   2    9    1   1.106041    14.227191   -73.162919      74.5334        nan        nan   12
   9    2   -1   1.106041   135.631162    -3.774983      135.684        nan        nan   12
   9    2    1   1.106041   135.631162     3.774983      135.684        nan        nan   12
   6    6    4   1.093400   -34.905911    28.039253       44.773        nan        nan   12
   6    6   -4   1.093400   -34.905911   -28.039253       44.773        nan        nan   12
   5    7    4   1.081183   -37.072984    16.402669      40.5395        nan        nan   12
   7    5    4   1.081183    76.872004    23.541175      80.3958        nan        nan   12
   5    7   -4   1.081183    37.072984    16.402669      40.5395        nan        nan   12
   7    5   -4   1.081183   -76.872004    23.541175      80.3958        nan        nan   12
   5    8   -1   1.081183   -10.240324    17.671125      20.4238        nan        nan   12
   5    8    1   1.081183   -10.240324   -17.671125      20.4238        nan        nan   12
   8    5   -1   1.081183   -54.894644     3.208193      54.9883        nan        nan   12
   8    5    1   1.081183    54.894644     3.208193      54.9883        nan        nan   12
   3    9    0   1.081183    -0.000000    -4.618590      4.61859        nan        nan   12
   9    3    0   1.081183    -0.000000   -15.049258      15.0493        nan        nan   12
   6    7    3   1.057929     1.499797     9.732225      9.84711        nan        nan   12
   6    7   -3   1.057929    -1.499797     9.732225      9.84711        nan        nan   12
   7    6   -3   1.057929  -142.690195    -9.310845      142.994        nan        nan   12
   7    6    3   1.057929  -142.690195     9.310845      142.994        nan        nan   12
   3    9   -2   1.057929   186.311504     7.808037      186.475        nan        nan   12
   3    9    2   1.057929  -186.311504     7.808037      186.475        nan        nan   12
   9    3   -2   1.057929    -4.877101   -59.564055      59.7634        nan        nan   12
   9    3    2   1.057929     4.877101   -59.564055      59.7634        nan        nan   12
   8    4    4   1.046851   -51.445425    27.149145      58.1696        nan        nan   12
   8    4   -4   1.046851   -51.445425   -27.149145      58.1696        nan        nan   12
   7    7    0   1.036113    -0.000000    -3.248767      3.24877        nan        nan   12
   5    8   -3   1.036113    11.495743   -40.377223      41.9818        nan        nan   12
   5    8    3   1.036113    11.495743    40.377223      41.9818        nan        nan   12
   8    5   -3   1.036113    13.333147    13.227073      18.7811        nan        nan   12
   8    5    3   1.036113   -13.333147    13.227073      18.7811        nan        nan   12
   4    9   -1   1.036113    11.260075    -0.996077       11.304        nan        nan   12
   4    9    1   1.036113   -11.260075    -0.996077       11.304        nan        nan   12
   9    4   -1   1.036113   -68.613223     0.650768      68.6163        nan        nan   12
   9    4    1   1.036113   -68.613223    -0.650768      68.6163        nan        nan   12
   6    8    0   1.025700    28.046681    -0.000000      28.0467        nan        nan   12
   8    6    0   1.025700    40.873556    -0.000000      40.8736        nan        nan   12
  10    0    0   1.025700   -63.219407     0.000000      63.2194        nan        nan    6
   7    7   -2   1.015594    74.294066    13.442996      75.5005        nan        nan   12
   7    7    2   1.015594   -74.294066    13.442996      75.5005        nan        nan   12
  10    1   -1   1.015594    36.776504   -20.269755      41.9925        nan        nan   12
  10    1    1   1.015594   -36.776504   -20.269755      41.9925        nan        nan   12
   6    8   -2   1.005782    32.570023    -4.792636      32.9207        nan        nan   12
   6    8    2   1.005782    32.570023     4.792636      32.9207        nan        nan   12
   8    6   -2   1.005782    -7.235230   -59.399855      59.8389        nan        nan   12
   8    6    2   1.005782    -7.235230    59.399855      59.8389        nan        nan   12
   2   10    0   1.005782    14.403512    -0.000000      14.4035        nan        nan   12
  10    2    0   1.005782     8.603600    -0.000000       8.6036        nan        nan   12
   5    9    0   0.996248     0.000000    63.773524      63.7735        nan        nan   12
   9    4    3   0.996248    81.780275    34.538046      88.7744        nan        nan   12
   9    5    0   0.996248     0.000000    47.511040       47.511        nan        nan   12
   4    9   -3   0.996248    21.925224   -11.026218      24.5417        nan        nan   12
   4    9    3   0.996248   -21.925224   -11.026218      24.5417        nan        nan   12
   9    4   -3   0.996248    81.780275   -34.538046      88.7744        nan        nan   12
   6    6    6   0.986980   -62.095610    65.718409      90.4145        nan        nan    4
   6    6   -6   0.986980   -62.095610   -65.718409      90.4145        nan        nan    4
  10    2   -2   0.986980   -78.054512   -39.236385      87.3613        nan        nan   12
  10    2    2   0.986980   -78.054512    39.236385      87.3613        nan        nan   12
   6    7   -5   0.977967    77.885156   -32.013853       84.208        nan        nan   12
   6    7    5   0.977967   -77.885156   -32.013853       84.208        nan        nan   12
   7    6    5   0.977967    -7.758405    25.768706      26.9113        nan        nan   12
   7    6   -5   0.977967    -7.758405   -25.768706      26.9113        nan        nan   12
   5    9   -2   0.977967    26.617884     4.875440      27.0607        nan        nan   12
   5    9    2   0.977967   -26.617884     4.875440      27.0607        nan        nan   12
   9    5   -2   0.977967    -8.086880   -45.624640      46.3358        nan        nan   12
   9    5    2   0.977967     8.086880   -45.624640      46.3358        nan        nan   12
   3   10   -1   0.977967     4.495682    -7.994259      9.17166        nan        nan   12
   3   10    1   0.977967     4.495682     7.994259      9.17166        nan        nan   12
  10    3   -1   0.977967   -62.255137    49.706411      79.6645        nan        nan   12
  10    3    1   0.977967    62.255137    49.706411      79.6645        nan        nan   12
   7    7    4   0.960656    -7.661939    33.769951      34.6282        nan        nan   12
   8    5    5   0.960656   -57.839219    33.097850      66.6396        nan        nan   12
   7    7   -4   0.960656     7.661939    33.769951      34.6282        nan        nan   12
   7    8   -1   0.960656   -90.502215    -4.495294      90.6138        nan        nan   12
   7    8    1   0.960656   -90.502215     4.495294      90.6138        nan        nan   12
   8    5   -5   0.960656    57.839219    33.097850      66.6396        nan        nan   12
   8    7   -1   0.960656    28.743135    69.432572      75.1469        nan        nan   12
   8    7    1   0.960656   -28.743135    69.432572      75.1469        nan        nan   12
   6    8   -4   0.952339   -23.028947   -46.588456      51.9694        nan        nan   12
   6    8    4   0.952339   -23.028947    46.588456      51.9694        nan        nan   12
   8    6   -4   0.952339   -73.206293    -6.564324         73.5        nan        nan   12
   8    6    4   0.952339   -73.206293     6.564324         73.5        nan        nan   12
   4   10    0   0.952339   -73.950879     0.000000      73.9509        nan        nan   12
  10    4    0   0.952339  -120.002469     0.000000      120.002        nan        nan   12
   6    9   -1   0.944233   -70.114222   -23.197633      73.8521        nan        nan   12
   6    9    1   0.944233    70.114222   -23.197633      73.8521        nan        nan   12
   9    6   -1   0.944233   -46.060857    -5.974341      46.4467        nan        nan   12
   9    6    1   0.944233   -46.060857     5.974341      46.4467        nan        nan   12
  10    3   -3   0.944233    77.573171    25.462753      81.6453        nan        nan   12
  10    3    3   0.944233   -77.573171    25.462753      81.6453        nan        nan   12
   4   10    2   0.936332   -78.835267    25.601655      82.8881        nan        nan   12
  10    4   -2   0.936332    20.956340   -19.477476      28.6101        nan        nan   12
  10    4    2   0.936332    20.956340    19.477476      28.6101        nan        nan   12
   4   10   -2   0.936332   -78.835267   -25.601655      82.8881        nan        nan   12
   7    8    3   0.928625   -11.032018    26.205150      28.4326        nan        nan   12
   7    8   -3   0.928625   -11.032018   -26.205150      28.4326        nan        nan   12
   8    7   -3   0.928625    55.458936    39.913938      68.3287        nan        nan   12
   8    7    3   0.928625   -55.458936    39.913938      68.3287        nan        nan   12
   5    9   -4   0.928625   -18.865979    28.119070      33.8616        nan        nan   12
   5    9    4   0.928625    18.865979    28.119070      33.8616        nan        nan   12
   9    5   -4   0.928625   -70.407822   -25.166254      74.7703        nan        nan   12
   9    5    4   0.928625    70.407822   -25.166254      74.7703        nan        nan   12
  11    0    1   0.928625     0.000000    70.075464      70.0755        nan        nan   12
  11    1    0   0.928625     0.000000    41.315734      41.3157        nan        nan   12
   2   11    1   0.913766   100.897991   -39.347522      108.299        nan        nan   12
  11    2   -1   0.913766   -30.759050   -17.692961      35.4846        nan        nan   12
  11    2    1   0.913766   -30.759050    17.692961      35.4846        nan        nan   12
   6    9   -3   0.913766   -27.149728   -43.939793      51.6509        nan        nan   12
   6    9    3   0.913766    27.149728   -43.939793      51.6509        nan        nan   12
   9    6   -3   0.913766    64.467855    27.705049      70.1689        nan        nan   12
   9    6    3   0.913766    64.467855   -27.705049      70.1689        nan        nan   12
   5   10   -1   0.913766    26.877406    36.409667      45.2555        nan        nan   12
   5   10    1   0.913766    26.877406   -36.409667      45.2555        nan        nan   12
  10    5   -1   0.913766   -92.954221    15.982460      94.3182        nan        nan   12
  10    5    1   0.913766    92.954221    15.982460      94.3182        nan        nan   12
   2   11   -1   0.913766  -100.897991   -39.347522      108.299        nan        nan   12
   8    8    0   0.906599   -31.227259     0.000000      31.2273        nan        nan   12
   3   11    0   0.899598     0.000000    45.476940      45.4769        nan        nan   12
  11    3    0   0.899598    -0.000000   -29.788872      29.7889        nan        nan   12
   7    9    0   0.899598     0.000000    63.127265      63.1273        nan        nan   12
   9    7    0   0.899598     0.000000    47.707714      47.7077        nan        nan   12
   8    8   -2   0.892757   -33.938137    22.400439      40.6642        nan        nan   12
   8    8    2   0.892757   -33.938137   -22.400439      40.6642        nan        nan   12
  10    4   -4   0.892757    28.374969   -32.520767      43.1595        nan        nan   12
  10    4    4   0.892757    28.374969    32.520767      43.1595        nan        nan   12
   7    7   -6   0.886070   -23.926590   -47.140199      52.8647        nan        nan   12
   7    7    6   0.886070    23.926590   -47.140199      52.8647        nan        nan   12
  10    5    3   0.886070    -4.166576   -38.092956      38.3201        nan        nan   12
   3   11   -2   0.886070     2.968210    14.995178      15.2861        nan        nan   12
   3   11    2   0.886070    -2.968210    14.995178      15.2861        nan        nan   12
  11    3    2   0.886070   -35.087269    13.293869      37.5212        nan        nan   12
   7    9   -2   0.886070   -89.307123    -4.797659      89.4359        nan        nan   12
   7    9    2   0.886070    89.307123    -4.797659      89.4359        nan        nan   12
   9    7   -2   0.886070    -2.134498    13.478522      13.6465        nan        nan   12
   9    7    2   0.886070     2.134498    13.478522      13.6465        nan        nan   12
   5   10   -3   0.886070   -16.228095    39.610220      42.8056        nan        nan   12
   5   10    3   0.886070   -16.228095   -39.610220      42.8056        nan        nan   12
  10    5   -3   0.886070     4.166576   -38.092956      38.3201        nan        nan   12
  11    3   -2   0.886070    35.087269    13.293869      37.5212        nan        nan   12
   8    6   -6   0.879530    42.890426   -44.160846      61.5611        nan        nan   12
   8    6    6   0.879530    42.890426    44.160846      61.5611        nan        nan   12
   6   10    0   0.879530    16.831765    -0.000000      16.8318        nan        nan   12
  10    6    0   0.879530   -68.531502     0.000000      68.5315        nan        nan   12
   4   11   -1   0.873134   -37.089832    16.606046      40.6376        nan        nan   12
   4   11    1   0.873134    37.089832    16.606046      40.6376        nan        nan   12
  11    4   -1   0.873134   -18.740093    22.331496      29.1528        nan        nan   12
  11    4    1   0.873134   -18.740093   -22.331496      29.1528        nan        nan   12
   7    8   -5   0.873134   -47.482819     1.632098      47.5109        nan        nan   12
   7    8    5   0.873134   -47.482819    -1.632098      47.5109        nan        nan   12
   8    7   -5   0.873134   -47.117484    10.825101       48.345        nan        nan   12
   8    7    5   0.873134    47.117484    10.825101       48.345        nan        nan   12
   6   10   -2   0.866875   -46.602208   -13.473763      48.5109        nan        nan   12
   6   10    2   0.866875   -46.602208    13.473763      48.5109        nan        nan   12
  10    6   -2   0.866875   -46.729366    -0.246734        46.73        nan        nan   12
  10    6    2   0.866875   -46.729366     0.246734        46.73        nan        nan   12
   6    9    5   0.860748   -10.751321   -13.886034      17.5617        nan        nan   12
   9    6    5   0.860748   -64.288715    -4.632734      64.4554        nan        nan   12
   6    9   -5   0.860748    10.751321   -13.886034      17.5617        nan        nan   12
   9    6   -5   0.860748   -64.288715     4.632734      64.4554        nan        nan   12
   8    8   -4   0.854750   186.225464   -30.688052      188.737        nan        nan   12
   8    8    4   0.854750   186.225464    30.688052      188.737        nan        nan   12
  12    0    0   0.854750  -109.009680     0.000000       109.01        nan        nan    6
   8    9    1   0.848875     6.224772    34.987927      35.5373        nan        nan   12
   7    9    4   0.848875   -66.879809    -0.751569       66.884        nan        nan   12
   9    7   -4   0.848875   -15.902625   -18.377464      24.3028        nan        nan   12
   9    7    4   0.848875    15.902625   -18.377464      24.3028        nan        nan   12
   5   11    0   0.848875     0.000000    37.826313      37.8263        nan        nan   12
   4   11   -3   0.848875    -7.450338    26.417115      27.4476        nan        nan   12
   4   11    3   0.848875     7.450338    26.417115      27.4476        nan        nan   12
  11    4   -3   0.848875   -22.570083     1.703634      22.6343        nan        nan   12
  11    4    3   0.848875   -22.570083    -1.703634      22.6343        nan        nan   12
  11    5    0   0.848875    -0.000000    -3.164880      3.16488        nan        nan   12
   8    9   -1   0.848875    -6.224772    34.987927      35.5373        nan        nan   12
   7    9   -4   0.848875    66.879809    -0.751569       66.884        nan        nan   12
   9    8   -1   0.848875   -24.296986   -24.830091      34.7401        nan        nan   12
   9    8    1   0.848875   -24.296986    24.830091      34.7401        nan        nan   12
  12    1   -1   0.848875   -43.751525     2.302790      43.8121        nan        nan   12
  12    1    1   0.848875    43.751525     2.302790      43.8121        nan        nan   12
   2   12    0   0.843120    58.869466    -0.000000      58.8695        nan        nan   12
  12    2    0   0.843120   -21.512971     0.000000       21.513        nan        nan   12
   7   10   -1   0.837481  -103.887813   -17.318649      105.321        nan        nan   12
   7   10    1   0.837481  -103.887813    17.318649      105.321        nan        nan   12
  10    5    5   0.837481   -81.569538    10.583100      82.2532        nan        nan   12
  10    7   -1   0.837481   116.557089    11.856665      117.159        nan        nan   12
  10    7    1   0.837481  -116.557089    11.856665      117.159        nan        nan   12
   5   11   -2   0.837481   -42.092025    56.222402      70.2332        nan        nan   12
   5   11    2   0.837481    42.092025    56.222402      70.2332        nan        nan   12
  11    5   -2   0.837481    24.842716    10.276005      26.8841        nan        nan   12
  11    5    2   0.837481   -24.842716    10.276005      26.8841        nan        nan   12
  10    5   -5   0.837481    81.569538    10.583100      82.2532        nan        nan   12
  12    2    2   0.831953     4.502290    28.301160       28.657        nan        nan   12
   6   10   -4   0.831953    16.841970   -26.839474      31.6861        nan        nan   12
   6   10    4   0.831953    16.841970    26.839474      31.6861        nan        nan   12
  10    6   -4   0.831953    40.911843   -41.778181      58.4739        nan        nan   12
  10    6    4   0.831953    40.911843    41.778181      58.4739        nan        nan   12
  12    2   -2   0.831953     4.502290   -28.301160       28.657        nan        nan   12
   3   12   -1   0.826533   -11.515106     6.003119       12.986        nan        nan   12
   3   12    1   0.826533   -11.515106    -6.003119       12.986        nan        nan   12
  12    3   -1   0.826533     5.237714    74.781917      74.9651        nan        nan   12
  12    3    1   0.826533    -5.237714    74.781917      74.9651        nan        nan   12
   8    9   -3   0.826533    12.549620   -10.398481      16.2979        nan        nan   12
   8    9    3   0.826533   -12.549620   -10.398481      16.2979        nan        nan   12
   9    8   -3   0.826533   -44.536427    22.447868      49.8738        nan        nan   12
   9    8    3   0.826533   -44.536427   -22.447868      49.8738        nan        nan   12
  10    7    3   0.816003   -41.818453    27.572531      50.0902        nan        nan   12
   6   11   -1   0.816003   135.476894    31.874414      139.176        nan        nan   12
   6   11    1   0.816003  -135.476894    31.874414      139.176        nan        nan   12
  11    6   -1   0.816003   -25.477047   -33.762616      42.2965        nan        nan   12
  11    6    1   0.816003   -25.477047    33.762616      42.2965        nan        nan   12
   7   10   -3   0.816003    40.560011     5.825523      40.9762        nan        nan   12
   7   10    3   0.816003    40.560011    -5.825523      40.9762        nan        nan   12
  10    7   -3   0.816003    41.818453    27.572531      50.0902        nan        nan   12
   4   12    0   0.810887    64.710104    -0.000000      64.7101        nan        nan   12
  12    4    0   0.810887    89.082964    -0.000000       89.083        nan        nan   12
   8    7   -7   0.805866    -4.117237    18.124649      18.5864        nan        nan   12
   8    7    7   0.805866     4.117237    18.124649      18.5864        nan        nan   12
   9    9    0   0.805866    -0.000000    -6.414436      6.41444        nan        nan   12
   5   11   -4   0.805866    50.154300    66.360705      83.1817        nan        nan   12
   5   11    4   0.805866   -50.154300    66.360705      83.1817        nan        nan   12
  11    5   -4   0.805866     4.881172    23.649777      24.1482        nan        nan   12
  11    5    4   0.805866    -4.881172    23.649777      24.1482        nan        nan   12
  12    3   -3   0.805866     0.340195    59.658479      59.6594        nan        nan   12
  12    3    3   0.805866    -0.340195    59.658479      59.6594        nan        nan   12
   4   12    2   0.800937  -100.967850   -55.239735      115.091        nan        nan   12
   8    8    6   0.800937   -33.589427    31.814189      46.2644        nan        nan   12
   8   10    0   0.800937   -37.588841     0.000000      37.5888        nan        nan   12
  10    8    0   0.800937   106.990062    -0.000000       106.99        nan        nan   12
   4   12   -2   0.800937  -100.967850    55.239735      115.091        nan        nan   12
  12    4   -2   0.800937   -66.577665   -10.375376      67.3813        nan        nan   12
  12    4    2   0.800937   -66.577665    10.375376      67.3813        nan        nan   12
   8    8   -6   0.800937   -33.589427   -31.814189      46.2644        nan        nan   12
   6   11    3   0.796098   -19.451026   -21.385420      28.9081        nan        nan   12
  11    6   -3   0.796098   -37.581281    41.621955       56.078        nan        nan   12
  11    6    3   0.796098   -37.581281   -41.621955       56.078        nan        nan   12
   7    9   -6   0.796098   -22.307347    -3.041840      22.5138        nan        nan   12
   7    9    6   0.796098    22.307347    -3.041840      22.5138        nan        nan   12
   9    7   -6   0.796098     1.520867   -66.436744      66.4541        nan        nan   12
   9    7    6   0.796098    -1.520867   -66.436744      66.4541        nan        nan   12
   9    9   -2   0.796098   -35.882572    13.609904      38.3769        nan        nan   12
   9    9    2   0.796098    35.882572    13.609904      38.3769        nan        nan   12
   6   11   -3   0.796098    19.451026   -21.385420      28.9081        nan        nan   12
   8   10    2   0.791345    50.270077   -28.044286      57.5636        nan        nan   12
  10    8   -2   0.791345    58.768164    -8.867012      59.4333        nan        nan   12
  10    8    2   0.791345    58.768164     8.867012      59.4333        nan        nan   12
   8   10   -2   0.791345    50.270077    28.044286      57.5636        nan        nan   12
   8    9    5   0.786676    64.626271    -0.828018      64.6316        nan        nan   12
   9    8    5   0.786676    74.058310    21.150817      77.0194        nan        nan   12
   7   11    0   0.786676     0.000000    79.478167      79.4782        nan        nan   12
  11    7    0   0.786676     0.000000    68.370912      68.3709        nan        nan   12
   5   12    1   0.786676   -40.167673     9.290006       41.228        nan        nan   12
  12    5   -1   0.786676    85.921541    51.430069      100.138        nan        nan   12
  12    5    1   0.786676   -85.921541    51.430069      100.138        nan        nan   12
   8    9   -5   0.786676   -64.626271    -0.828018      64.6316        nan        nan   12
   9    8   -5   0.786676    74.058310   -21.150817      77.0194        nan        nan   12
   5   12   -1   0.786676   -40.167673    -9.290006       41.228        nan        nan   12
  13    0    1   0.786676     0.000000    10.056349      10.0563        nan        nan   12
  13    1    0   0.786676     0.000000     4.182900       4.1829        nan        nan   12
  10    6   -6   0.782089   -23.308826   -26.679986      35.4277        nan        nan   12
  10    6    6   0.782089   -23.308826    26.679986      35.4277        nan        nan   12
   7   11    2   0.777581   -93.637692   -27.056959      97.4684        nan        nan   12
  11    7    2   0.777581    72.907186   -37.313966      81.9011        nan        nan   12
   7   10   -5   0.777581   -29.102755    48.788003      56.8088        nan        nan   12
   7   10    5   0.777581   -29.102755   -48.788003      56.8088        nan        nan   12
  10    7    5   0.777581    91.789467    38.297894      99.4587        nan        nan   12
   7   11   -2   0.777581    93.637692   -27.056959      97.4684        nan        nan   12
  11    7   -2   0.777581   -72.907186   -37.313966      81.9011        nan        nan   12
  13    1   -2   0.777581    99.673259   -24.559603      102.654        nan        nan   12
  13    1    2   0.777581   -99.673259   -24.559603      102.654        nan        nan   12
  13    2   -1   0.777581   -77.283826   -35.648300      85.1093        nan        nan   12
  13    2    1   0.777581   -77.283826    35.648300      85.1093        nan        nan   12
  10    7   -5   0.777581   -91.789467    38.297894      99.4587        nan        nan   12
  12    4    4   0.773150    22.288340    28.828541      36.4397        nan        nan   12
  12    4   -4   0.773150    22.288340   -28.828541      36.4397        nan        nan   12
   9    9   -4   0.768795     7.527333    85.241382      85.5731        nan        nan   12
   9    9    4   0.768795    -7.527333    85.241382      85.5731        nan        nan   12
   5   12   -3   0.768795    20.856759   -10.850175      23.5102        nan        nan   12
   5   12    3   0.768795    20.856759    10.850175      23.5102        nan        nan   12
  12    5   -3   0.768795    82.236814    34.127614       89.037        nan        nan   12
  12    5    3   0.768795   -82.236814    34.127614       89.037        nan        nan   12
   3   13    0   0.768795     0.000000    72.089993        72.09        nan        nan   12
  13    3    0   0.768795     0.000000    -8.385243      8.38524        nan        nan   12
   8   10   -4   0.764512  -118.765395   -26.434480      121.672        nan        nan   12
   8   10    4   0.764512  -118.765395    26.434480      121.672        nan        nan   12
  10    8   -4   0.764512  -136.469236     9.788406       136.82        nan        nan   12
  10    8    4   0.764512  -136.469236    -9.788406       136.82        nan        nan   12
   6   12    0   0.764512   -82.443816     0.000000      82.4438        nan        nan   12
  12    6    0   0.764512  -151.843478     0.000000      151.843        nan        nan   12
   6   11   -5   0.760299  -176.794238   -33.723456      179.982        nan        nan   12
   6   11    5   0.760299   176.794238   -33.723456      179.982        nan        nan   12
  11    6   -5   0.760299   -71.087615    49.427008      86.5822        nan        nan   12
  11    6    5   0.760299   -71.087615   -49.427008      86.5822        nan        nan   12
   9   10    1   0.760299     4.868997   -20.766867        21.33        nan        nan   12
  10    9   -1   0.760299     7.947983   -39.717576       40.505        nan        nan   12
  10    9    1   0.760299    -7.947983   -39.717576       40.505        nan        nan   12
  13    2   -3   0.760299   119.918719    -9.482654      120.293        nan        nan   12
  13    2    3   0.760299   119.918719     9.482654      120.293        nan        nan   12
  13    3   -2   0.760299    70.734309   -17.802762      72.9403        nan        nan   12
  13    3    2   0.760299   -70.734309   -17.802762      72.9403        nan        nan   12
   9   10   -1   0.760299     4.868997    20.766867        21.33        nan        nan   12
   6   12    2   0.756156    46.670717    46.987768      66.2269        nan        nan   12
  12    6    2   0.756156    39.691538   -30.664874      50.1573        nan        nan   12
   6   12   -2   0.756156    46.670717   -46.987768      66.2269        nan        nan   12
  12    6   -2   0.756156    39.691538    30.664874      50.1573        nan        nan   12
   8   11    1   0.752080    88.518654    31.339364      93.9027        nan        nan   12
   7   11    4   0.752080    -4.115081    25.505331      25.8352        nan        nan   12
  11    7   -4   0.752080   -21.581471    21.667669      30.5818        nan        nan   12
  11    7    4   0.752080    21.581471    21.667669      30.5818        nan        nan   12
  11    8   -1   0.752080   -37.081811   -21.960078      43.0965        nan        nan   12
  11    8    1   0.752080   -37.081811    21.960078      43.0965        nan        nan   12
   8   11   -1   0.752080   -88.518654    31.339364      93.9027        nan        nan   12
   7   11   -4   0.752080     4.115081    25.505331      25.8352        nan        nan   12
   4   13   -1   0.752080   -61.176753    -3.386995      61.2704        nan        nan   12
   4   13    1   0.752080    61.176753    -3.386995      61.2704        nan        nan   12
  13    4   -1   0.752080    72.445332   -63.646248      96.4322        nan        nan   12
  13    4    1   0.752080    72.445332    63.646248      96.4322        nan        nan   12
   9   10    3   0.744121   -70.576635    -8.325059      71.0659        nan        nan   12
  10    9   -3   0.744121    19.358125    36.625961       41.427        nan        nan   12
  10    9    3   0.744121   -19.358125    36.625961       41.427        nan        nan   12
   9   10   -3   0.744121   -70.576635     8.325059      71.0659        nan        nan   12
   8    8    8   0.740235  -174.372834    63.226518      185.482        nan        nan    4
   8    8   -8   0.740235  -174.372834   -63.226518      185.482        nan        nan    4
   5   13    0   0.736410     0.000000    96.699429      96.6994        nan        nan   12
  13    5    0   0.736410    -0.000000   -12.947201      12.9472        nan        nan   12
   8    9   -7   0.736410    -8.194861    49.049793      49.7296        nan        nan   12
   8    9    7   0.736410     8.194861    49.049793      49.7296        nan        nan   12
   9    8   -7   0.736410    29.782250   -21.887489        36.96        nan        nan   12
   9    8    7   0.736410    29.782250    21.887489        36.96        nan        nan   12
   8   11   -3   0.736410   -57.277069    58.442214        81.83        nan        nan   12
   8   11    3   0.736410    57.277069    58.442214        81.83        nan        nan   12
  11    8   -3   0.736410   -55.817202    13.917824      57.5262        nan        nan   12
  11    8    3   0.736410   -55.817202   -13.917824      57.5262        nan        nan   12
   7   12    1   0.736410    -4.233766   -28.130187       28.447        nan        nan   12
  12    5   -5   0.736410  -114.149109    -6.060219       114.31        nan        nan   12
  12    5    5   0.736410   114.149109    -6.060219       114.31        nan        nan   12
  12    7   -1   0.736410  -105.444521    80.109566      132.424        nan        nan   12
  12    7    1   0.736410   105.444521    80.109566      132.424        nan        nan   12
   4   13   -3   0.736410   -26.874584   -25.214772      36.8514        nan        nan   12
   4   13    3   0.736410    26.874584   -25.214772      36.8514        nan        nan   12
  13    4   -3   0.736410   -72.487987    25.989607      77.0063        nan        nan   12
  13    4    3   0.736410   -72.487987   -25.989607      77.0063        nan        nan   12
   7   12   -1   0.736410    -4.233766    28.130187       28.447        nan        nan   12
  12    6    4   0.732643   -12.930160    41.306741      43.2832        nan        nan   12
  14    0    0   0.732643   -18.562315     0.000000      18.5623        nan        nan    6
   6   12   -4   0.732643    70.977315    22.368029      74.4185        nan        nan   12
   6   12    4   0.732643    70.977315   -22.368029      74.4185        nan        nan   12
  12    6   -4   0.732643   -12.930160   -41.306741      43.2832        nan        nan   12
  10    7    7   0.728933   -38.747914   -31.597871      49.9983        nan        nan   12
   5   13    2   0.728933     2.528961    30.811825      30.9154        nan        nan   12
  13    5    2   0.728933   109.997782   -12.541543       110.71        nan        nan   12
   9    9   -6   0.728933   -89.552547   -36.502634      96.7063        nan        nan   12
   9    9    6   0.728933    89.552547   -36.502634      96.7063        nan        nan   12
  10    7   -7   0.728933    38.747914   -31.597871      49.9983        nan        nan   12
  14    1   -1   0.728933    14.545280    23.923651      27.9983        nan        nan   12
  14    1    1   0.728933   -14.545280    23.923651      27.9983        nan        nan   12
   5   13   -2   0.728933    -2.528961    30.811825      30.9154        nan        nan   12
  13    5   -2   0.728933  -109.997782   -12.541543       110.71        nan        nan   12
   8   10    6   0.725279    -1.751128    16.858857      16.9496        nan        nan   12
  10    8    6   0.725279    80.835066    28.925040      85.8543        nan        nan   12
   2   14    0   0.725279     1.125745    -0.000000      1.12574        nan        nan   12
  14    2    0   0.725279  -119.522034     0.000000      119.522        nan        nan   12
   8   10   -6   0.725279    -1.751128   -16.858857      16.9496        nan        nan   12
  10    8   -6   0.725279    80.835066   -28.925040      85.8543        nan        nan   12
  10   10    0   0.725279    -8.032949     0.000000      8.03295        nan        nan   12
   9   11    0   0.721680     0.000000    45.979552      45.9796        nan        nan   12
  11    9    0   0.721680     0.000000    43.492756      43.4928        nan        nan   12
   7   12   -3   0.721680   -59.181607    39.334984      71.0613        nan        nan   12
   7   12    3   0.721680   -59.181607   -39.334984      71.0613        nan        nan   12
  12    7   -3   0.721680   -47.193302    43.455592      64.1529        nan        nan   12
  12    7    3   0.721680    47.193302    43.455592      64.1529        nan        nan   12
  10   10   -2   0.718134    -2.947848   -12.885805      13.2187        nan        nan   12
  10   10    2   0.718134    -2.947848    12.885805      13.2187        nan        nan   12
  14    2   -2   0.718134   -71.460674    39.838225      81.8151        nan        nan   12
  14    2    2   0.718134   -71.460674   -39.838225      81.8151        nan        nan   12
  10    9    5   0.714639    64.981557   -53.252231      84.0143        nan        nan   12
   9   11    2   0.714639    -9.349435    -4.254457      10.2719        nan        nan   12
   7   11    6   0.714639    48.868691    -0.130093      48.8689        nan        nan   12
  11    7    6   0.714639    -7.848427    -0.963053      7.90729        nan        nan   12
  11    9    2   0.714639   -28.688839   -11.873400      31.0488        nan        nan   12
   3   14   -1   0.714639   -74.769688    57.515039      94.3318        nan        nan   12
   3   14    1   0.714639   -74.769688   -57.515039      94.3318        nan        nan   12
  14    3   -1   0.714639   -18.649537    57.626680      60.5693        nan        nan   12
  14    3    1   0.714639    18.649537    57.626680      60.5693        nan        nan   12
   9   10   -5   0.714639    72.756675    35.899751      81.1315        nan        nan   12
   9   10    5   0.714639    72.756675   -35.899751      81.1315        nan        nan   12
  10    9   -5   0.714639   -64.981557   -53.252231      84.0143        nan        nan   12
   9   11   -2   0.714639     9.349435    -4.254457      10.2719        nan        nan   12
   7   11   -6   0.714639   -48.868691    -0.130093      48.8689        nan        nan   12
  11    7   -6   0.714639     7.848427    -0.963053      7.90729        nan        nan   12
  11    9   -2   0.714639    28.688839   -11.873400      31.0488        nan        nan   12
   6   13   -1   0.714639   -81.664596   -43.128814      92.3537        nan        nan   12
   6   13    1   0.714639    81.664596   -43.128814      92.3537        nan        nan   12
  13    6   -1   0.714639     0.535030    40.927692      40.9312        nan        nan   12
  13    6    1   0.714639     0.535030   -40.927692      40.9312        nan        nan   12
   8   12    0   0.711195    42.186313    -0.000000      42.1863        nan        nan   12
  12    8    0   0.711195     3.757189    -0.000000      3.75719        nan        nan   12
   8   11    5   0.707800    17.743691    22.528960      28.6774        nan        nan   12
  11    8    5   0.707800     8.721387     5.542361      10.3335        nan        nan   12
   8   11   -5   0.707800   -17.743691    22.528960      28.6774        nan        nan   12
  11    8   -5   0.707800     8.721387    -5.542361      10.3335        nan        nan   12
   5   13   -4   0.707800     8.656312    49.880498       50.626        nan        nan   12
  13    5   -4   0.707800    14.804074    -4.843700      15.5763        nan        nan   12
   5   13    4   0.707800    -8.656312    49.880498       50.626        nan        nan   12
  13    5    4   0.707800   -14.804074    -4.843700      15.5763        nan        nan   12
   8   12    2   0.704454     5.482762    21.218612      21.9155        nan        nan   12
   8   12   -2   0.704454     5.482762   -21.218612      21.9155        nan        nan   12
  12    8    2   0.704454    54.640088     6.904694      55.0746        nan        nan   12
  12    8   -2   0.704454    54.640088    -6.904694      55.0746        nan        nan   12
   4   14    0   0.704454  -125.110540     0.000000      125.111        nan        nan   12
  14    4    0   0.704454   -41.514447     0.000000      41.5144        nan        nan   12
  14    3    3   0.701154    77.861283    -8.519200       78.326        nan        nan   12
  14    3   -3   0.701154   -77.861283    -8.519200       78.326        nan        nan   12
   6   13    3   0.701154    37.193142    -9.214458      38.3176        nan        nan   12
  13    6   -3   0.701154     7.124042    43.670235      44.2475        nan        nan   12
  13    6    3   0.701154     7.124042   -43.670235      44.2475        nan        nan   12
   6   13   -3   0.701154   -37.193142    -9.214458      38.3176        nan        nan   12
